%YAML:1.0
calib_x_0-0: 868.
calib_y_0-0: 480.
calib_x_0-1: 930.
calib_y_0-1: 478.
calib_x_0-2: 1009.
calib_y_0-2: 446.
calib_x_0-3: 1134.
calib_y_0-3: 440.
calib_x_0-4: 960.
calib_y_0-4: 540.
calib_x_0-5: 960.
calib_y_0-5: 540.
calib_x_0-6: 960.
calib_y_0-6: 540.
calib_x_0-7: 960.
calib_y_0-7: 540.
calib_x_1-0: 624.
calib_y_1-0: 540.
calib_x_1-1: 960.
calib_y_1-1: 540.
calib_x_1-2: 960.
calib_y_1-2: 540.
calib_x_1-3: 960.
calib_y_1-3: 540.
calib_x_1-4: 960.
calib_y_1-4: 540.
calib_x_1-5: 960.
calib_y_1-5: 540.
calib_x_1-6: 960.
calib_y_1-6: 540.
calib_x_1-7: 960.
calib_y_1-7: 540.
calib_x_2-0: 960.
calib_y_2-0: 540.
calib_x_2-1: 960.
calib_y_2-1: 540.
calib_x_2-2: 960.
calib_y_2-2: 540.
calib_x_2-3: 960.
calib_y_2-3: 540.
calib_x_2-4: 960.
calib_y_2-4: 540.
calib_x_2-5: 960.
calib_y_2-5: 540.
calib_x_2-6: 960.
calib_y_2-6: 540.
calib_x_2-7: 960.
calib_y_2-7: 540.
calib_x_3-0: 960.
calib_y_3-0: 540.
calib_x_3-1: 960.
calib_y_3-1: 540.
calib_x_3-2: 960.
calib_y_3-2: 540.
calib_x_3-3: 960.
calib_y_3-3: 540.
calib_x_3-4: 960.
calib_y_3-4: 540.
calib_x_3-5: 960.
calib_y_3-5: 540.
calib_x_3-6: 960.
calib_y_3-6: 540.
calib_x_3-7: 960.
calib_y_3-7: 540.
